0.00728549 -0.124986 -0.00046705 -1.95185 -0.0168783 1.841 -0.804255 -0.00484854 0.0285714 -0.00637551 -1.76287 0.00114063 1.79669 -0.773174 
0.00728549 -0.124986 -0.00046705 -1.95185 -0.0168783 1.841 -0.804255 -0.00484854 0.0285714 -0.00637551 -1.76287 0.00114063 1.79669 -0.773174 
-0.0271403 -0.20048 -0.0485369 -1.97974 -0.0361299 1.76136 -0.944003 0.0196495 0.118663 0.0179453 -1.63375 0.00660142 1.79307 -0.78665 
-0.0625249 -0.262113 -0.0958235 -2.00075 -0.0646406 1.68884 -1.08113 0.0430055 0.219247 0.040279 -1.49851 0.00274907 1.79619 -0.800637 
-0.0601238 -0.267062 -0.0945767 -1.9992 -0.0760188 1.68265 -1.11389 0.0372431 0.242308 0.0334429 -1.46521 -0.00290857 1.80352 -0.795912 
-0.0601238 -0.267062 -0.0945767 -1.9992 -0.0760188 1.68265 -1.11389 0.0372431 0.242308 0.0334429 -1.46521 -0.00290857 1.80352 -0.795912 
-0.108695 -0.193726 -0.17499 -1.91427 -0.0604969 1.67958 -1.2968 0.0830078 0.229602 0.076642 -1.46199 -0.0263297 1.76202 -0.810478 
-0.143651 -0.0995601 -0.243153 -1.81942 -0.0391543 1.69138 -1.48099 0.117316 0.233179 0.109919 -1.44705 -0.0454728 1.73385 -0.818079 
-0.174971 0.00623397 -0.308813 -1.7199 -0.00552451 1.70867 -1.65778 0.148921 0.250794 0.142976 -1.4277 -0.056365 1.71369 -0.828151 
-0.204062 0.119711 -0.372091 -1.61723 0.0412715 1.72873 -1.82555 0.176526 0.279165 0.174889 -1.40371 -0.0597853 1.70193 -0.84201 
-0.231333 0.237173 -0.43232 -1.51292 0.0973918 1.74963 -1.98521 0.200666 0.315066 0.205544 -1.3765 -0.0590991 1.69639 -0.85966 
-0.233673 0.283276 -0.448491 -1.47112 0.111911 1.76201 -2.05267 0.200106 0.324662 0.206152 -1.36358 -0.0646971 1.69415 -0.858145 

