-0.00146429 -0.542056 0.00775454 -2.76 -0.0138028 2.23056 0.763176 -0.00620713 -0.368923 -0.00460323 -2.6123 -0.00177847 2.24772 0.79478 
-0.00146429 -0.542056 0.00775454 -2.76 -0.0138028 2.23056 0.763176 -0.00620713 -0.368923 -0.00460323 -2.6123 -0.00177847 2.24772 0.79478 
-0.0529939 -0.591115 -0.108307 -2.76708 -0.058123 2.18787 0.613295 0.0160085 -0.334007 0.0702991 -2.55369 -0.00350188 2.22336 0.861946 
-0.108695 -0.618616 -0.221318 -2.7536 -0.10895 2.14395 0.468525 0.0328452 -0.278931 0.142747 -2.47572 -0.0118641 2.19779 0.930259 
-0.161958 -0.625843 -0.326585 -2.72168 -0.1625 2.10135 0.333001 0.0429585 -0.204735 0.210403 -2.37898 -0.0264873 2.1724 0.995322 
-0.209358 -0.617729 -0.421316 -2.67585 -0.217404 2.06233 0.20884 0.0458163 -0.115725 0.272408 -2.26734 -0.048286 2.14828 1.05454 
-0.21113 -0.618865 -0.430801 -2.6621 -0.23984 2.05919 0.17276 0.0377225 -0.101006 0.278571 -2.2393 -0.0565595 2.14388 1.07623 
-0.21113 -0.618865 -0.430801 -2.6621 -0.23984 2.05919 0.17276 0.0377225 -0.101006 0.278571 -2.2393 -0.0565595 2.14388 1.07623 
-0.219103 -0.466013 -0.465993 -2.58515 -0.206633 2.13534 0.163395 0.0981551 -0.09463 0.344386 -2.27017 -0.0208181 2.17389 1.19604 
-0.211635 -0.315431 -0.487036 -2.50145 -0.173557 2.21733 0.149352 0.150179 -0.0865623 0.401899 -2.29114 0.0154284 2.20903 1.31861 
-0.197263 -0.205849 -0.493124 -2.43545 -0.155415 2.28379 0.131561 0.181358 -0.0858892 0.437656 -2.30298 0.0408696 2.23733 1.41677 

